1 -----

2 - Array {
  length: 1,
  _capacity: 3,
  memory: Memory {
    memory: Float64Array [
      3, 0, 0, 0, 0, 0, 0, 0, 0, 0, 0, 0,
      0, 0, 0, 0, 0, 0, 0, 0, 0, 0, 0, 0,
      0, 0, 0, 0, 0, 0, 0, 0, 0, 0, 0, 0,
      0, 0, 0, 0, 0, 0, 0, 0, 0, 0, 0, 0,
      0, 0, 0, 0, 0, 0, 0, 0, 0, 0, 0, 0,
      0, 0, 0, 0, 0, 0, 0, 0, 0, 0, 0, 0,
      0, 0, 0, 0, 0, 0, 0, 0, 0, 0, 0, 0,
      0, 0, 0, 0, 0, 0, 0, 0, 0, 0, 0, 0,
      0, 0, 0, 0,
      ... 924 more items
    ],
    head: 3
  },
  ptr: 0
}

3 - Array {
  length: 6,
  _capacity: 12,
  memory: Memory {
    memory: Float64Array [
      3, 5, 15, 3, 5, 15, 19, 45, 10, 0, 0, 0,
      0, 0,  0, 0, 0,  0,  0,  0,  0, 0, 0, 0,
      0, 0,  0, 0, 0,  0,  0,  0,  0, 0, 0, 0,
      0, 0,  0, 0, 0,  0,  0,  0,  0, 0, 0, 0,
      0, 0,  0, 0, 0,  0,  0,  0,  0, 0, 0, 0,
      0, 0,  0, 0, 0,  0,  0,  0,  0, 0, 0, 0,
      0, 0,  0, 0, 0,  0,  0,  0,  0, 0, 0, 0,
      0, 0,  0, 0, 0,  0,  0,  0,  0, 0, 0, 0,
      0, 0,  0, 0,
      ... 924 more items
    ],
    head: 15
  },
  ptr: 3
}
----- result of push added the pushed numbers to beginning of array

4 - 